1. 0
2. 1
3. 10
4. 100
5. 101
6. 102
7. 103
8. 104
9. 105
10. 106
11. 107
12. 108
13. 109
14. 11
15. 110
16. 111
17. 112
18. 113
19. 114
20. 115
21. 116
22. 117
23. 118
24. 119
25. 12
26. 120
27. 121
28. 122
29. 123
30. 124
31. 125
32. 126
33. 127
34. 128
35. 129
36. 13
37. 130
38. 131
39. 132
40. 14
41. 15
42. 16
43. 17
44. 18
45. 19
46. 2
47. 20
48. 21
49. 22
50. 23
51. 24
52. 25
53. 26
54. 27
55. 28
56. 29
57. 3
58. 30
59. 31
60. 32
61. 33
62. 34
63. 35
64. 36
65. 37
66. 38
67. 39
68. 4
69. 40
70. 41
71. 42
72. 43
73. 44
74. 45
75. 46
76. 47
77. 48
78. 49
79. 5
80. 50
81. 51
82. 52
83. 53
84. 54
85. 55
86. 56
87. 57
88. 58
89. 59
90. 6
91. 60
92. 61
93. 62
94. 63
95. 64
96. 65
97. 66
98. 67
99. 68
100. 69
101. 7
102. 70
103. 71
104. 72
105. 73
106. 74
107. 75
108. 76
109. 77
110. 78
111. 79
112. 8
113. 80
114. 81
115. 82
116. 83
117. 84
118. 85
119. 86
120. 87
121. 88
122. 89
123. 9
124. 90
125. 91
126. 92
127. 93
128. 94
129. 95
130. 96
131. 97
132. 98
133. 99
