1. 0
2. 1
3. 10
4. 100
5. 101
6. 102
7. 103
8. 104
9. 105
10. 106
11. 107
12. 108
13. 109
14. 11
15. 110
16. 111
17. 112
18. 113
19. 114
20. 115
21. 116
22. 117
23. 118
24. 119
25. 12
26. 120
27. 121
28. 122
29. 123
30. 124
31. 125
32. 126
33. 127
34. 128
35. 129
36. 13
37. 130
38. 131
39. 132
40. 133
41. 134
42. 135
43. 136
44. 137
45. 138
46. 139
47. 14
48. 140
49. 141
50. 142
51. 143
52. 144
53. 145
54. 146
55. 147
56. 148
57. 149
58. 15
59. 150
60. 151
61. 152
62. 153
63. 154
64. 155
65. 156
66. 157
67. 158
68. 159
69. 16
70. 160
71. 161
72. 162
73. 163
74. 164
75. 165
76. 166
77. 167
78. 168
79. 169
80. 17
81. 170
82. 171
83. 172
84. 173
85. 174
86. 175
87. 176
88. 177
89. 178
90. 179
91. 18
92. 180
93. 181
94. 182
95. 183
96. 184
97. 185
98. 186
99. 187
100. 188
101. 189
102. 19
103. 190
104. 191
105. 192
106. 193
107. 194
108. 195
109. 196
110. 197
111. 198
112. 199
113. 2
114. 20
115. 200
116. 201
117. 202
118. 203
119. 204
120. 205
121. 206
122. 207
123. 208
124. 209
125. 21
126. 210
127. 211
128. 212
129. 213
130. 214
131. 215
132. 216
133. 217
134. 218
135. 219
136. 22
137. 220
138. 221
139. 222
140. 223
141. 224
142. 225
143. 226
144. 227
145. 228
146. 229
147. 23
148. 230
149. 231
150. 232
151. 24
152. 25
153. 26
154. 27
155. 28
156. 29
157. 3
158. 30
159. 31
160. 32
161. 33
162. 34
163. 35
164. 36
165. 37
166. 38
167. 39
168. 4
169. 40
170. 41
171. 42
172. 43
173. 44
174. 45
175. 46
176. 47
177. 48
178. 49
179. 5
180. 50
181. 51
182. 52
183. 53
184. 54
185. 55
186. 56
187. 57
188. 58
189. 59
190. 6
191. 60
192. 61
193. 62
194. 63
195. 64
196. 65
197. 66
198. 67
199. 68
200. 69
201. 7
202. 70
203. 71
204. 72
205. 73
206. 74
207. 75
208. 76
209. 77
210. 78
211. 79
212. 8
213. 80
214. 81
215. 82
216. 83
217. 84
218. 85
219. 86
220. 87
221. 88
222. 89
223. 9
224. 90
225. 91
226. 92
227. 93
228. 94
229. 95
230. 96
231. 97
232. 98
233. 99
